%YAML:1.0
---
K: !!opencv-matrix
   rows: 3
   cols: 3
   dt: d
   data: [ 1.3803317170186619e+03, 0., 6.9353681584653566e+02, 0.,
       1.4317291897934017e+03, 2.4591597562019300e+02, 0., 0., 1. ]
D: !!opencv-matrix
   rows: 1
   cols: 5
   dt: d
   data: [ -1.9421581597358192e-01, -8.0968151169553852e+00,
       -5.8732912376844845e-02, 5.5745993698844823e-02,
       3.1965047770424199e+01 ]
